  amax   Mstar      Mdot  Rd    Q      Md
    mm    Msun   Msun/yr  AU         Msun
=========================================
1.00e+01  0.50  1.00e-04  40  0.8  1.1845
1.00e+01  0.50  1.00e-04  40  0.7  1.5041
1.00e+01  0.50  1.00e-04  40  0.6  2.0010
1.00e+01  0.50  1.00e-04  40  0.5  2.8748
1.00e+01  0.50  1.00e-04  40  0.4  4.5923
1.00e+01  0.50  1.00e-04  40  0.3  8.4334
1.00e+01  0.50  5.00e-04  40  0.8  1.3067
1.00e+01  0.50  5.00e-04  40  0.7  1.6374
1.00e+01  0.50  5.00e-04  40  0.6  2.2014
1.00e+01  0.50  5.00e-04  40  0.5  3.1249
1.00e+01  0.50  5.00e-04  40  0.4  4.8574
1.00e+01  0.50  5.00e-04  40  0.3  8.4557
1.00e+01  0.50  1.00e-05  40  0.8  1.0026
1.00e+01  0.50  1.00e-05  40  0.7  1.2599
1.00e+01  0.50  1.00e-05  40  0.6  1.6559
1.00e+01  0.50  1.00e-05  40  0.5  2.3439
1.00e+01  0.50  1.00e-05  40  0.4  3.7477
1.00e+01  0.50  1.00e-05  40  0.3  7.0960
1.00e+01  0.50  5.00e-05  40  0.8  1.1375
1.00e+01  0.50  5.00e-05  40  0.7  1.4330
1.00e+01  0.50  5.00e-05  40  0.6  1.9095
1.00e+01  0.50  5.00e-05  40  0.5  2.7332
1.00e+01  0.50  5.00e-05  40  0.4  4.3612
1.00e+01  0.50  5.00e-05  40  0.3  8.2410
1.00e+01  0.50  1.00e-06  40  0.8  0.8165
1.00e+01  0.50  1.00e-06  40  0.7  1.0076
1.00e+01  0.50  1.00e-06  40  0.6  1.3178
1.00e+01  0.50  1.00e-06  40  0.5  1.8331
1.00e+01  0.50  1.00e-06  40  0.4  2.8664
1.00e+01  0.50  1.00e-06  40  0.3  5.3726
1.00e+00  0.50  1.00e-04  40  0.8  1.2714
1.00e+00  0.50  1.00e-04  40  0.7  1.6155
1.00e+00  0.50  1.00e-04  40  0.6  2.1576
1.00e+00  0.50  1.00e-04  40  0.5  3.1168
1.00e+00  0.50  1.00e-04  40  0.4  4.8542
1.00e+00  0.50  1.00e-04  40  0.3  8.5658
1.00e+00  0.50  5.00e-04  40  0.8  1.3452
1.00e+00  0.50  5.00e-04  40  0.7  1.6916
1.00e+00  0.50  5.00e-04  40  0.6  2.2355
1.00e+00  0.50  5.00e-04  40  0.5  3.1317
1.00e+00  0.50  5.00e-04  40  0.4  4.7823
1.00e+00  0.50  5.00e-04  40  0.3  7.6894
1.00e+00  0.50  1.00e-05  40  0.8  1.0943
1.00e+00  0.50  1.00e-05  40  0.7  1.3830
1.00e+00  0.50  1.00e-05  40  0.6  1.8295
1.00e+00  0.50  1.00e-05  40  0.5  2.6112
1.00e+00  0.50  1.00e-05  40  0.4  4.2000
1.00e+00  0.50  1.00e-05  40  0.3  7.9652
1.00e+00  0.50  5.00e-05  40  0.8  1.2185
1.00e+00  0.50  5.00e-05  40  0.7  1.5514
1.00e+00  0.50  5.00e-05  40  0.6  2.0692
1.00e+00  0.50  5.00e-05  40  0.5  2.9790
1.00e+00  0.50  5.00e-05  40  0.4  4.7194
1.00e+00  0.50  5.00e-05  40  0.3  8.5930
1.00e+00  0.50  1.00e-06  40  0.8  0.9040
1.00e+00  0.50  1.00e-06  40  0.7  1.1311
1.00e+00  0.50  1.00e-06  40  0.6  1.4842
1.00e+00  0.50  1.00e-06  40  0.5  2.0779
1.00e+00  0.50  1.00e-06  40  0.4  3.2714
1.00e+00  0.50  1.00e-06  40  0.3  6.2201
7.00e-01  0.50  1.00e-04  40  0.8  1.2791
7.00e-01  0.50  1.00e-04  40  0.7  1.6347
7.00e-01  0.50  1.00e-04  40  0.6  2.1701
7.00e-01  0.50  1.00e-04  40  0.5  3.1508
7.00e-01  0.50  1.00e-04  40  0.4  4.8852
7.00e-01  0.50  1.00e-04  40  0.3  8.4960
7.00e-01  0.50  5.00e-04  40  0.8  1.3382
7.00e-01  0.50  5.00e-04  40  0.7  1.7069
7.00e-01  0.50  5.00e-04  40  0.6  2.2469
7.00e-01  0.50  5.00e-04  40  0.5  3.1442
7.00e-01  0.50  5.00e-04  40  0.4  4.6646
7.00e-01  0.50  5.00e-04  40  0.3  7.3380
7.00e-01  0.50  1.00e-05  40  0.8  1.1184
7.00e-01  0.50  1.00e-05  40  0.7  1.4144
7.00e-01  0.50  1.00e-05  40  0.6  1.8756
7.00e-01  0.50  1.00e-05  40  0.5  2.6847
7.00e-01  0.50  1.00e-05  40  0.4  4.3083
7.00e-01  0.50  1.00e-05  40  0.3  8.0829
7.00e-01  0.50  5.00e-05  40  0.8  1.2341
7.00e-01  0.50  5.00e-05  40  0.7  1.5747
7.00e-01  0.50  5.00e-05  40  0.6  2.1015
7.00e-01  0.50  5.00e-05  40  0.5  3.0482
7.00e-01  0.50  5.00e-05  40  0.4  4.7770
7.00e-01  0.50  5.00e-05  40  0.3  8.6197
7.00e-01  0.50  1.00e-06  40  0.8  0.9194
7.00e-01  0.50  1.00e-06  40  0.7  1.1516
7.00e-01  0.50  1.00e-06  40  0.6  1.5202
7.00e-01  0.50  1.00e-06  40  0.5  2.1397
7.00e-01  0.50  1.00e-06  40  0.4  3.3651
7.00e-01  0.50  1.00e-06  40  0.3  6.3781
5.00e-01  0.50  1.00e-04  40  0.8  1.2892
5.00e-01  0.50  1.00e-04  40  0.7  1.6358
5.00e-01  0.50  1.00e-04  40  0.6  2.2010
5.00e-01  0.50  1.00e-04  40  0.5  3.1194
5.00e-01  0.50  1.00e-04  40  0.4  4.8690
5.00e-01  0.50  1.00e-04  40  0.3  8.5417
5.00e-01  0.50  5.00e-04  40  0.8  1.3436
5.00e-01  0.50  5.00e-04  40  0.7  1.6980
5.00e-01  0.50  5.00e-04  40  0.6  2.2621
5.00e-01  0.50  5.00e-04  40  0.5  3.1273
5.00e-01  0.50  5.00e-04  40  0.4  4.6958
5.00e-01  0.50  5.00e-04  40  0.3  7.2184
5.00e-01  0.50  1.00e-05  40  0.8  1.1220
5.00e-01  0.50  1.00e-05  40  0.7  1.4134
5.00e-01  0.50  1.00e-05  40  0.6  1.9005
5.00e-01  0.50  1.00e-05  40  0.5  2.6950
5.00e-01  0.50  1.00e-05  40  0.4  4.3246
5.00e-01  0.50  1.00e-05  40  0.3  8.1265
5.00e-01  0.50  5.00e-05  40  0.8  1.2513
5.00e-01  0.50  5.00e-05  40  0.7  1.5770
5.00e-01  0.50  5.00e-05  40  0.6  2.1243
5.00e-01  0.50  5.00e-05  40  0.5  3.0327
5.00e-01  0.50  5.00e-05  40  0.4  4.8553
5.00e-01  0.50  5.00e-05  40  0.3  8.6076
5.00e-01  0.50  1.00e-06  40  0.8  0.9321
5.00e-01  0.50  1.00e-06  40  0.7  1.1584
5.00e-01  0.50  1.00e-06  40  0.6  1.5300
5.00e-01  0.50  1.00e-06  40  0.5  2.1647
5.00e-01  0.50  1.00e-06  40  0.4  3.4218
5.00e-01  0.50  1.00e-06  40  0.3  6.4738
3.00e-01  0.50  1.00e-04  40  0.8  1.3141
3.00e-01  0.50  1.00e-04  40  0.7  1.6574
3.00e-01  0.50  1.00e-04  40  0.6  2.2341
3.00e-01  0.50  1.00e-04  40  0.5  3.1739
3.00e-01  0.50  1.00e-04  40  0.4  4.8590
3.00e-01  0.50  1.00e-04  40  0.3  8.3599
3.00e-01  0.50  5.00e-04  40  0.8  1.3306
3.00e-01  0.50  5.00e-04  40  0.7  1.6794
3.00e-01  0.50  5.00e-04  40  0.6  2.2070
3.00e-01  0.50  5.00e-04  40  0.5  3.1766
3.00e-01  0.50  5.00e-04  40  0.4  4.5659
3.00e-01  0.50  5.00e-04  40  0.3  6.7029
3.00e-01  0.50  1.00e-05  40  0.8  1.1462
3.00e-01  0.50  1.00e-05  40  0.7  1.4450
3.00e-01  0.50  1.00e-05  40  0.6  1.9298
3.00e-01  0.50  1.00e-05  40  0.5  2.7835
3.00e-01  0.50  1.00e-05  40  0.4  4.4465
3.00e-01  0.50  1.00e-05  40  0.3  8.3328
3.00e-01  0.50  5.00e-05  40  0.8  1.2635
3.00e-01  0.50  5.00e-05  40  0.7  1.6139
3.00e-01  0.50  5.00e-05  40  0.6  2.1433
3.00e-01  0.50  5.00e-05  40  0.5  3.0844
3.00e-01  0.50  5.00e-05  40  0.4  4.8493
3.00e-01  0.50  5.00e-05  40  0.3  8.5906
3.00e-01  0.50  1.00e-06  40  0.8  0.9507
3.00e-01  0.50  1.00e-06  40  0.7  1.1938
3.00e-01  0.50  1.00e-06  40  0.6  1.5807
3.00e-01  0.50  1.00e-06  40  0.5  2.2374
3.00e-01  0.50  1.00e-06  40  0.4  3.5162
3.00e-01  0.50  1.00e-06  40  0.3  6.6982
1.00e-01  0.50  1.00e-04  40  0.8  1.3187
1.00e-01  0.50  1.00e-04  40  0.7  1.6861
1.00e-01  0.50  1.00e-04  40  0.6  2.2311
1.00e-01  0.50  1.00e-04  40  0.5  3.1891
1.00e-01  0.50  1.00e-04  40  0.4  4.8757
1.00e-01  0.50  1.00e-04  40  0.3  8.1373
1.00e-01  0.50  5.00e-04  40  0.8  1.3241
1.00e-01  0.50  5.00e-04  40  0.7  1.6645
1.00e-01  0.50  5.00e-04  40  0.6  2.1837
1.00e-01  0.50  5.00e-04  40  0.5  3.0337
1.00e-01  0.50  5.00e-04  40  0.4  4.3771
1.00e-01  0.50  5.00e-04  40  0.3  6.0086
1.00e-01  0.50  1.00e-05  40  0.8  1.1722
1.00e-01  0.50  1.00e-05  40  0.7  1.4980
1.00e-01  0.50  1.00e-05  40  0.6  1.9973
1.00e-01  0.50  1.00e-05  40  0.5  2.8757
1.00e-01  0.50  1.00e-05  40  0.4  4.5692
1.00e-01  0.50  1.00e-05  40  0.3  8.4995
1.00e-01  0.50  5.00e-05  40  0.8  1.2926
1.00e-01  0.50  5.00e-05  40  0.7  1.6622
1.00e-01  0.50  5.00e-05  40  0.6  2.1959
1.00e-01  0.50  5.00e-05  40  0.5  3.1214
1.00e-01  0.50  5.00e-05  40  0.4  4.9185
1.00e-01  0.50  5.00e-05  40  0.3  8.5140
1.00e-01  0.50  1.00e-06  40  0.8  0.9750
1.00e-01  0.50  1.00e-06  40  0.7  1.2295
1.00e-01  0.50  1.00e-06  40  0.6  1.6217
1.00e-01  0.50  1.00e-06  40  0.5  2.3309
1.00e-01  0.50  1.00e-06  40  0.4  3.6773
1.00e-01  0.50  1.00e-06  40  0.3  7.0264
5.00e-02  0.50  1.00e-04  40  0.8  1.3347
5.00e-02  0.50  1.00e-04  40  0.7  1.7167
5.00e-02  0.50  1.00e-04  40  0.6  2.2555
5.00e-02  0.50  1.00e-04  40  0.5  3.1701
5.00e-02  0.50  1.00e-04  40  0.4  4.8214
5.00e-02  0.50  1.00e-04  40  0.3  7.8483
5.00e-02  0.50  5.00e-04  40  0.8  1.3210
5.00e-02  0.50  5.00e-04  40  0.7  1.6784
5.00e-02  0.50  5.00e-04  40  0.6  2.1619
5.00e-02  0.50  5.00e-04  40  0.5  2.9379
5.00e-02  0.50  5.00e-04  40  0.4  4.0579
5.00e-02  0.50  5.00e-04  40  0.3  5.2998
5.00e-02  0.50  1.00e-05  40  0.8  1.2006
5.00e-02  0.50  1.00e-05  40  0.7  1.5145
5.00e-02  0.50  1.00e-05  40  0.6  2.0221
5.00e-02  0.50  1.00e-05  40  0.5  2.9169
5.00e-02  0.50  1.00e-05  40  0.4  4.6581
5.00e-02  0.50  1.00e-05  40  0.3  8.5638
5.00e-02  0.50  5.00e-05  40  0.8  1.3224
5.00e-02  0.50  5.00e-05  40  0.7  1.6596
5.00e-02  0.50  5.00e-05  40  0.6  2.2340
5.00e-02  0.50  5.00e-05  40  0.5  3.1530
5.00e-02  0.50  5.00e-05  40  0.4  4.9035
5.00e-02  0.50  5.00e-05  40  0.3  8.4328
5.00e-02  0.50  1.00e-06  40  0.8  0.9722
5.00e-02  0.50  1.00e-06  40  0.7  1.2396
5.00e-02  0.50  1.00e-06  40  0.6  1.6465
5.00e-02  0.50  1.00e-06  40  0.5  2.3518
5.00e-02  0.50  1.00e-06  40  0.4  3.7939
5.00e-02  0.50  1.00e-06  40  0.3  7.2553
1.00e-02  0.50  1.00e-04  40  0.8  1.3090
1.00e-02  0.50  1.00e-04  40  0.7  1.6879
1.00e-02  0.50  1.00e-04  40  0.6  2.2285
1.00e-02  0.50  1.00e-04  40  0.5  3.1682
1.00e-02  0.50  1.00e-04  40  0.4  4.5887
1.00e-02  0.50  1.00e-04  40  0.3  7.1019
1.00e-02  0.50  5.00e-04  40  0.8  1.2680
1.00e-02  0.50  5.00e-04  40  0.7  1.5775
1.00e-02  0.50  5.00e-04  40  0.6  2.0109
1.00e-02  0.50  5.00e-04  40  0.5  2.6492
1.00e-02  0.50  5.00e-04  40  0.4  3.4685
1.00e-02  0.50  5.00e-04  40  0.3  3.6933
1.00e-02  0.50  1.00e-05  40  0.8  1.1747
1.00e-02  0.50  1.00e-05  40  0.7  1.5131
1.00e-02  0.50  1.00e-05  40  0.6  2.0288
1.00e-02  0.50  1.00e-05  40  0.5  2.9564
1.00e-02  0.50  1.00e-05  40  0.4  4.7201
1.00e-02  0.50  1.00e-05  40  0.3  8.5587
1.00e-02  0.50  5.00e-05  40  0.8  1.2978
1.00e-02  0.50  5.00e-05  40  0.7  1.6684
1.00e-02  0.50  5.00e-05  40  0.6  2.2180
1.00e-02  0.50  5.00e-05  40  0.5  3.1298
1.00e-02  0.50  5.00e-05  40  0.4  4.7769
1.00e-02  0.50  5.00e-05  40  0.3  7.8358
1.00e-02  0.50  1.00e-06  40  0.8  0.9229
1.00e-02  0.50  1.00e-06  40  0.7  1.1658
1.00e-02  0.50  1.00e-06  40  0.6  1.5830
1.00e-02  0.50  1.00e-06  40  0.5  2.3078
1.00e-02  0.50  1.00e-06  40  0.4  3.8153
1.00e-02  0.50  1.00e-06  40  0.3  7.4944
